[[[ 0.01263494  0.03343062 -0.00625522 ... -0.00972263  0.5119334
    0.50975466]
  [-0.02934479 -0.0590178   0.02906987 ...  0.00743251  0.5063804
    0.5106434 ]
  [ 0.01002846  0.01645925 -0.03219847 ... -0.03216477  0.4981755
    0.5067399 ]
  ...
  [-0.05053657 -0.02617628 -0.01185543 ... -0.00577727  0.49570572
    0.50950253]
  [-0.02259414 -0.03414813  0.00392705 ...  0.00636241  0.4984967
    0.4901993 ]
  [-0.01819775  0.00156928  0.01683141 ...  0.00585392  0.5036015
    0.50384307]]]