(548,23) (849,1036):1|(1054,0) (1339,1079):2|
(544,0) (846,1079):1|(1035,4) (1307,1061):2|(986,96) (1270,455):2|
(535,11) (840,1061):1|(1039,0) (1303,1079):2|
(1039,41) (1294,1024):2|(529,0) (823,1079):1|
(1022,44) (1312,1015):2|(519,0) (825,1079):1|
(524,0) (825,1079):1|(1008,41) (1314,1013):2|
(517,0) (828,1079):1|(1003,46) (1315,1017):2|
(514,0) (814,1079):1|(1004,10) (1318,1060):2|
(520,0) (806,1079):1|(1013,0) (1304,1078):2|
(515,0) (807,1079):1|(1015,28) (1304,1039):2|
(520,3) (815,1078):1|(998,31) (1314,1034):2|
(532,0) (809,1077):1|(1003,29) (1313,1036):2|
(530,0) (819,1079):1|(1016,38) (1305,1040):2|
(532,0) (817,1079):1|(1014,40) (1310,1024):2|
(536,0) (814,1079):1|(1008,0) (1315,1079):2|
(539,0) (819,1079):1|(1016,24) (1315,1032):2|
(1021,39) (1311,1014):2|(540,0) (823,1079):1|(818,266) (1127,820):2|
(1023,31) (1310,1023):2|(544,0) (838,1079):1|
(1075,0) (1318,937):2|(541,0) (845,1079):1|
(1071,5) (1322,921):2|(543,0) (833,1079):1|
(1072,0) (1326,976):2|(545,0) (846,1079):1|(687,124) (851,945):1|
(1069,0) (1324,993):2|(535,0) (838,1079):1|
(1066,0) (1334,1004):2|(535,0) (835,1079):1|
(1069,0) (1337,970):2|(535,0) (825,1079):1|
(1075,0) (1327,955):2|(526,0) (821,1079):1|
(1076,27) (1326,919):2|(523,0) (816,1079):1|
(1077,48) (1321,903):2|(522,0) (808,1079):1|
(519,0) (789,1079):1|
(1056,0) (1348,1079):3|(508,0) (794,1079):1|
(1063,0) (1350,1079):3|(495,0) (792,1079):1|
(499,0) (798,1079):1|(1082,0) (1344,1079):3|
(508,0) (803,1079):1|(1061,0) (1350,1079):3|
(519,16) (797,1068):1|(1075,0) (1342,1079):3|
(527,18) (794,1079):1|(1077,0) (1365,1079):3|
(531,52) (797,1061):1|(1077,0) (1353,1079):3|
(514,83) (793,1024):1|(1078,0) (1359,1079):3|
(1076,0) (1365,1079):3|
(1076,0) (1361,1079):3|
(1074,0) (1358,1079):3|
(1090,0) (1371,1079):3|
(1096,0) (1365,1079):3|
(1094,0) (1370,1079):3|
(1092,0) (1368,1074):3|
(1099,3) (1376,1066):3|
(545,92) (832,991):4|(1102,7) (1372,1070):3|
(546,66) (833,1010):4|(1094,0) (1369,1079):3|
(1086,0) (1361,1079):3|
(536,140) (815,942):5|(1088,0) (1371,1069):3|
(543,155) (823,933):5|(1081,0) (1366,1079):3|
(541,150) (816,943):5|(1072,0) (1358,1079):3|
(536,149) (807,948):5|(1075,0) (1352,1079):3|
(538,150) (802,949):5|(1077,0) (1345,1079):3|
(526,150) (796,943):5|(1082,0) (1350,1079):3|
(530,131) (801,960):5|(1085,0) (1355,1079):3|
(540,121) (799,967):5|(1081,0) (1347,1079):3|
(530,109) (804,972):5|(1077,0) (1338,1079):3|
(534,75) (806,1002):5|(1068,0) (1336,1079):3|
(538,79) (813,1006):5|(1061,0) (1335,1079):3|
(540,84) (814,1001):5|(1060,0) (1355,1079):3|
(537,65) (807,1013):5|(1055,0) (1358,1079):3|
(1053,0) (1354,1079):3|
(1047,0) (1347,1079):3|
(553,65) (836,1017):6|(1054,9) (1350,1059):3|
(562,69) (834,1023):6|(1062,30) (1348,1044):3|
(1053,3) (1358,1079):3|
(1053,0) (1355,1079):3|
(569,110) (839,973):7|(1051,14) (1353,1079):3|
(574,97) (833,979):7|(1070,48) (1351,1045):3|
(579,96) (847,985):7|(1063,17) (1352,1059):3|
(583,68) (849,1010):7|(1024,105) (1313,961):3|
(578,78) (856,1001):7|(1065,2) (1340,1073):3|
(582,80) (864,993):7|(1054,6) (1342,1063):3|
(581,53) (868,1017):7|(1062,0) (1348,1076):3|
(579,71) (875,1002):7|(1058,0) (1353,1079):3|
(591,90) (868,969):7|(1061,14) (1345,1062):3|
(590,112) (868,950):7|(1064,28) (1348,1045):3|
(587,85) (873,974):7|
(1065,71) (1356,1002):8|
(575,108) (879,974):9|(1056,46) (1359,1027):8|
(584,125) (871,959):9|(1051,41) (1371,1028):8|
(584,138) (870,948):9|(1054,46) (1373,1026):8|
(1060,42) (1374,1020):8|
(582,128) (865,958):10|(1066,56) (1371,1000):8|
(593,105) (859,975):10|(1068,50) (1373,1001):8|
(600,115) (850,968):10|(1073,47) (1363,1006):8|
(599,113) (854,967):10|(1085,37) (1382,1015):8|
(604,95) (853,989):10|
(596,100) (857,982):10|
(592,131) (854,951):10|(1091,0) (1377,1056):11|
(590,126) (853,956):10|
